date_forecast	date_calc	date_forecast	absolute_humidity_2m:gm3	air_density_2m:kgm3	ceiling_height_agl:m	clear_sky_energy_1h:J	clear_sky_rad:W	cloud_base_agl:m	dew_or_rime:idx	dew_point_2m:K	diffuse_rad:W	diffuse_rad_1h:J	direct_rad:W	direct_rad_1h:J	effective_cloud_cover:p	elevation:m	fresh_snow_12h:cm	fresh_snow_1h:cm	fresh_snow_24h:cm	fresh_snow_3h:cm	fresh_snow_6h:cm	is_day:idx	is_in_shadow:idx	msl_pressure:hPa	precip_5min:mm	precip_type_5min:idx	pressure_100m:hPa	pressure_50m:hPa	prob_rime:p	rain_water:kgm2	relative_humidity_1000hPa:p	sfc_pressure:hPa	snow_density:kgm3	snow_depth:cm	snow_drift:idx	snow_melt_10min:mm	snow_water:kgm2	sun_azimuth:d	sun_elevation:d	super_cooled_liquid_water:kgm2	t_1000hPa:K	total_cloud_cover:p	visibility:m	wind_speed_10m:ms	wind_speed_u_10m:ms	wind_speed_v_10m:ms	wind_speed_w_1000hPa:ms
0	2023-01-27 20:07:52.693989		4.0112023	1.2878538	3183.193	0.0	0.0	1639.1187	0.039617486	269.9515	0.0	0.0	0.0	0.0	70.73593	6.0	0.3034153	0.03237705	0.5827869	0.0807377	0.18333332	0.0	1.0	1009.4679	0.004071038	0.07786885	996.42096	1002.6904	1.2106558	0.0019125682	75.32992	1008.9854	250.0	0.19125684	0.0	0.00025956283	0.08073771	18.911777	-36.592587	0.028688524	274.31665	76.72595	31225.123	2.9856558	-0.06625683	1.1088798	0.0
1	2023-01-27 20:07:52.693989		3.9972677	1.2883798	3030.7676	0.0	0.0	1627.3881	0.034153007	269.88663	0.0	0.0	0.0	0.0	70.08866	6.0	0.33128417	0.03715847	0.5960382	0.096721314	0.177459	0.0	1.0	1009.431	0.004822404	0.09016393	996.37964	1002.64984	1.0215846	0.003825137	75.6847	1008.9489	250.0	0.19234973	0.0	0.00016393443	0.08920766	36.698944	-33.478767	0.029234972	274.2306	76.050545	30715.295	3.0068307	-0.07349727	1.1127049	0.0
2	2023-01-27 20:07:52.693989		3.991257	1.2885997	3206.7524	0.0	0.0	1549.6096	0.030054646	269.86093	0.0	0.0	0.0	0.0	69.73866	6.0	0.3622951	0.038251366	0.6061476	0.106830604	0.17855191	0.0	1.0	1009.3424	0.00670765	0.09289618	996.2874	1002.5606	0.7031421	0.005191257	75.9485	1008.86	250.0	0.19344263	0.0	9.562841e-05	0.09385245	53.074623	-28.774876	0.030601092	274.15903	75.955605	30707.795	3.0400274	-0.0704918	1.131011	0.0
3	2023-01-27 20:07:52.693989		3.985246	1.2883921	3141.9585	156.34932	0.25327867	1561.7362	0.024590164	269.83276	0.15778689	284.09073	0.023633879	42.09918	69.951096	6.0	0.38114753	0.0318306	0.60519123	0.106830604	0.1872951	0.025956284	0.98224044	1009.2488	0.006325137	0.09016393	996.18085	1002.4542	0.33674863	0.005737705	76.00478	1008.75574	250.0	0.1956284	0.0	1.3661202e-05	0.09043717	68.09328	-22.974375	0.037841532	274.0963	75.550545	30233.727	3.0744536	-0.05519125	1.132377	0.0
4	2023-01-27 20:07:52.693989		3.9841528	1.2878824	3047.7039	6091.812	4.2927594	1533.515	0.0054644807	269.82297	2.3673499	4545.287	0.6497268	1210.6	70.44208	6.0	0.40300545	0.03989071	0.595082	0.108606555	0.20655738	0.12021858	0.8920765	1009.2029	0.00420765	0.07650273	996.12134	1002.39026	0.20027323	0.0040983604	75.97582	1008.69086	250.0	0.19808744	0.0	5.4644806e-05	0.08278689	82.09	-16.541973	0.036885247	274.05573	75.47418	30570.404	3.0894809	-0.07882512	1.1243169	0.0
5	2023-01-27 20:07:52.693989		3.9938524	1.2871093	2917.0835	36803.723	18.1903	1468.081	-0.0040983604	269.83975	8.623497	19782.78	4.5551915	9368.353	69.860245	6.0	0.39972678	0.03360656	0.59016395	0.104918025	0.21161202	0.215847	0.795082	1009.20245	0.0028278688	0.058743168	996.1027	1002.3738	0.4730874	0.0027322404	75.840164	1008.6721	250.0	0.20013662	0.0	0.00016393443	0.07418033	95.484665	-9.886428	0.036885247	274.03757	74.639206	30830.904	3.111885	-0.08128415	1.1430328	0.0
6	2023-01-27 20:07:52.693989		4.020219	1.285459	2869.647	109571.28	44.763115	1383.7142	-0.0027322404	269.94836	17.641941	47278.477	14.41694	34150.36	70.17062	6.0	0.39289618	0.02978142	0.60081965	0.10300547	0.20942624	0.3114754	0.7240437	1009.26416	0.0031420765	0.06010929	996.1471	1002.4124	0.7147541	0.0013661202	75.5485	1008.70404	250.0	0.20136611	0.0	0.00025956283	0.07732241	108.68547	-3.3742557	0.036885247	274.05615	74.70328	31012.244	3.1448088	-0.06147541	1.1510929	0.0
7	2023-01-27 20:07:52.693989		4.0622954	1.2827868	2970.6213	226383.52	82.7791	1376.3425	0.0013661202	270.09973	29.68265	85184.586	29.721176	79448.516	70.982925	6.0	0.37814206	0.02704918	0.60819674	0.09098361	0.19945355	0.45491803	0.63251364	1009.42194	0.00386612	0.07377049	996.2676	1002.5231	0.756694	0.0005464481	74.687294	1008.8089	250.0	0.20327869	0.0	0.00039617484	0.07035519	122.049355	2.6476693	0.037568305	274.14948	75.10834	32688.865	3.1737704	-0.051092893	1.0838798	0.0
8	2023-01-27 20:07:52.693989		4.0960383	1.279806	3161.3389	380984.7	130.00642	1515.0236	-0.006830601	270.23578	44.626095	133755.52	49.68975	142938.61	69.851234	6.0	0.36612022	0.025683058	0.6211749	0.08306011	0.18702185	0.66530055	0.46857923	1009.59753	0.0041666664	0.083333336	996.4176	1002.6685	0.27827868	0.0006830601	73.269806	1008.9411	250.0	0.20587431	0.0	0.00046448087	0.065846995	135.8531	7.8357186	0.038934425	274.35178	74.78278	33998.723	3.2105193	-0.054371573	0.9653005	0.0
9	2023-01-27 20:07:52.693989		4.1396174	1.276832	3288.55	558099.1	179.65096	1580.0533	-0.008196721	270.37897	61.042892	190205.88	69.912025	215281.19	67.59863	6.0	0.35683063	0.01420765	0.62390715	0.06666666	0.16953552	0.93442625	0.27322406	1009.6954	0.0029781421	0.05327869	996.50366	1002.7395	0.07213115	0.0006830601	71.43429	1009.0021	250.0	0.20806012	0.0	0.00054644805	0.06256831	150.25183	11.850673	0.035655737	274.63852	73.03361	35799.45	3.2653005	-0.045491807	0.84931695	0.0
10	2023-01-27 20:07:52.693989		4.174317	1.2740136	3211.9348	722196.0	218.20001	1516.7014	-0.0040983604	270.50723	73.44071	242072.39	87.57199	283472.53	66.48279	6.0	0.3498634	0.012431694	0.6187158	0.052595627	0.14303279	1.0	0.012295082	1009.6963	0.0021174862	0.035519127	996.5086	1002.73157	0.024180328	0.0012295082	69.50095	1008.9825	250.0	0.20956284	0.0	0.0010928962	0.06789617	165.22566	14.384308	0.028005464	274.96243	71.741806	36934.51	3.328142	-0.002459014	0.73620224	0.0
11	2023-01-27 20:07:52.693989		4.197541	1.2718238	3266.4602	818580.4	231.86981	1496.0082	0.0	270.6011	77.11885	271007.53	93.174866	325343.38	66.94877	6.0	0.3441257	0.021857923	0.62540984	0.049453553	0.13196722	1.0	0.0	1009.6414	0.0025409837	0.040983606	996.4661	1002.6792	0.0	0.0020491802	67.9347	1008.91925	250.0	0.21202186	0.0	0.0015163935	0.077459015	180.55261	15.21294	0.02622951	275.29822	71.96544	37787.715	3.4071038	0.06202186	0.6575136	0.0
12	2023-01-27 20:07:52.693989		4.206421	1.2707459	3566.7368	816341.5	217.03853	1625.8561	0.0	270.6291	72.25095	268864.0	87.88784	325910.56	66.08934	6.0	0.32103825	0.009153006	0.62431693	0.044125684	0.11092896	1.0	0.027322404	1009.5321	0.0028961748	0.043715846	996.37885	1002.58673	0.0	0.0025956284	66.95546	1008.8228	250.0	0.21407104	0.0	0.0015710383	0.08046448	195.86751	14.25698	0.023497269	275.57007	71.39003	38372.754	3.4330602	0.08674864	0.60983604	0.0
13	2023-01-27 20:07:52.693989		4.1872954	1.2711216	3593.2317	717257.2	178.40738	1629.7244	0.0	270.56598	59.802185	237693.47	71.26161	286470.22	64.99727	6.0	0.2885246	0.005191257	0.61994535	0.036202185	0.08893442	0.9002732	0.284153	1009.4339	0.0034836065	0.07240437	996.298	1002.5039	0.0	0.0028688526	66.60095	1008.74115	250.0	0.21612021	0.0	0.0013661202	0.07704918	210.8106	11.606668	0.024863388	275.70493	70.12104	38426.15	3.454235	0.07554645	0.627459	0.0
14	2023-01-27 20:07:52.693989		4.1668034	1.2727405	3473.7424	556336.7	130.28798	1548.2008	0.0	270.50217	44.06243	186953.86	51.984833	221844.75	64.454094	6.0	0.27199453	0.021994537	0.6340164	0.035928965	0.08524591	0.62431693	0.49726775	1009.35657	0.0054644807	0.12568305	996.247	1002.4624	0.0	0.0034153005	67.02391	1008.6992	250.0	0.21734974	0.0	0.0012295082	0.07964481	225.1726	7.493077	0.028415302	275.70792	69.18197	37955.023	3.452049	0.06270493	0.6752732	0.0
15	2023-01-27 20:07:52.693989		4.165437	1.2751694	3413.9182	383249.5	83.36721	1562.2725	-0.006830601	270.49725	29.987978	133290.03	33.812977	154438.27	65.00574	6.0	0.2713115	0.030191258	0.65177596	0.057240438	0.101229504	0.44672132	0.61202186	1009.27716	0.0063387975	0.11338798	996.2067	1002.4257	0.29740438	0.004234973	68.05191	1008.6735	250.0	0.2203552	0.0	0.0011612022	0.08087432	238.94617	2.2281091	0.023360657	275.61652	70.044395	36785.832	3.3998632	0.03715847	0.7564208	0.0
16	2023-01-27 20:07:52.693989		4.15929	1.277679	3423.95	225284.83	43.40683	1719.7596	-0.010928961	270.47787	17.791258	86001.03	17.149044	91732.52	64.91352	6.0	0.2557377	0.024726776	0.6595628	0.07677596	0.11284153	0.33606556	0.7308743	1009.2167	0.0053825136	0.07923497	996.17053	1002.3996	0.9038251	0.0051912568	69.34891	1008.65454	250.0	0.22199453	0.0	0.00092896173	0.08196721	252.29662	-3.8475041	0.02295082	275.47348	69.93852	35872.625	3.3293717	0.00423498	0.8314207	0.0
17	2023-01-27 20:07:52.693989		4.148634	1.2801613	3609.6216	102419.42	15.9397545	1747.8472	0.017759563	270.4466	7.8191257	46096.984	5.1655736	40165.293	65.728966	6.0	0.25382513	0.031147543	0.65423495	0.08565574	0.12172131	0.22540984	0.8442623	1009.23376	0.006748634	0.094262294	996.1892	1002.4283	0.8424864	0.004781421	70.96202	1008.69244	250.0	0.22308743	0.0	0.00056010927	0.07691257	265.50864	-10.389553	0.027322404	275.25574	71.01352	34819.406	3.2225409	0.0038251427	0.8535519	0.0
18	2023-01-27 20:07:52.693989		4.131011	1.2827418	3429.3625	30103.467	3.022131	1690.8683	0.008196721	270.3829	1.8435793	17392.19	0.7047815	10565.189	66.48716	6.0	0.25778687	0.03442623	0.6515027	0.08948088	0.14672132	0.112021856	0.9166667	1009.316	0.004125683	0.07513661	996.2799	1002.5287	0.5989071	0.0036885247	72.61626	1008.8028	250.0	0.22445355	0.0	0.00039617484	0.07226776	278.9462	-17.049412	0.033879783	274.9948	71.950134	33165.773	3.132377	-0.000546443	0.864071	0.0
19	2023-01-27 20:07:52.693989		4.10847	1.2847595	3408.9214	3733.306	0.08005464	1686.6326	0.0013661202	270.29617	0.0647541	3434.151	0.009562842	1285.1445	68.617485	6.0	0.2771858	0.046857923	0.6556011	0.111338794	0.1877049	0.012295082	0.9931694	1009.38116	0.003715847	0.07786885	996.3495	1002.60425	0.31202185	0.0031420768	73.87705	1008.8861	250.0	0.22814208	0.0	0.00031420763	0.07336066	293.02408	-23.45699	0.037978142	274.7661	74.365845	31891.062	3.1004097	-0.014207644	0.88811475	0.0
20	2023-01-27 20:07:52.693989		4.0916667	1.2860601	3371.829	30.908058	0.0	1637.367	0.008196721	270.23114	0.0	116.72254	0.0	17.305737	70.297676	6.0	0.2930328	0.041530054	0.6602459	0.12213115	0.20778689	0.0	1.0	1009.42267	0.0036748634	0.09289618	996.39386	1002.65	0.52021855	0.003961749	74.646996	1008.94196	250.0	0.2340164	0.0	0.00028688525	0.075956285	308.1642	-29.197233	0.040846996	274.59467	76.514206	30925.008	3.0635245	0.00013661548	0.92199457	0.0
21	2023-01-27 20:07:52.693989		4.0722675	1.2868948	3402.3418	0.0	0.0	1643.4495	0.025956284	270.15152	0.0	0.0	0.0	0.0	70.36325	6.0	0.31038252	0.03169399	0.6691257	0.11912568	0.20887977	0.0	1.0	1009.47156	0.0030601092	0.07786885	996.4381	1002.7018	0.8132514	0.005054645	74.98156	1008.994	250.0	0.23811476	0.0	0.00030054644	0.074453555	324.68887	-33.798225	0.038797818	274.4903	77.003006	30754.58	3.0303278	-2.279959e-09	0.96612024	0.0
22	2023-01-27 08:03:35.875000		4.075951	1.2871046	3177.4182	0.0	0.0	1562.0895	0.03396739	270.13437	0.0	0.0	0.0	0.0	70.506386	6.0	0.31875	0.022826089	0.6682065	0.09578805	0.20611413	0.0	1.0	1009.4724	0.0025543477	0.07065217	996.4357	1002.6975	1.0773097	0.003396739	75.3053	1008.99335	250.0	0.23817936	0.0	0.00029891304	0.07173913	342.63818	-36.77705	0.039266303	274.4625	77.1231	31015.0	2.9839673	-0.018749997	0.99796194	0.0
23	2023-01-27 08:03:35.875000		4.0525813	1.2877283	3095.1885	0.0	0.0	1538.7612	0.02853261	270.05695	0.0	0.0	0.0	0.0	69.98777	6.0	0.31372282	0.017527174	0.6574728	0.07105978	0.1923913	0.0	1.0	1009.46924	0.0026494565	0.066576086	996.4302	1002.6972	1.6078805	0.003125	75.62758	1008.9927	250.0	0.23858696	0.0	0.00024456522	0.07092392	158.44774	-37.703487	0.03668478	274.358	75.849594	30535.262	2.9675274	-0.023097824	1.0392663	0.0
