date_forecast	date_forecast	absolute_humidity_2m:gm3	air_density_2m:kgm3	ceiling_height_agl:m	clear_sky_energy_1h:J	clear_sky_rad:W	cloud_base_agl:m	dew_or_rime:idx	dew_point_2m:K	diffuse_rad:W	diffuse_rad_1h:J	direct_rad:W	direct_rad_1h:J	effective_cloud_cover:p	elevation:m	fresh_snow_12h:cm	fresh_snow_1h:cm	fresh_snow_24h:cm	fresh_snow_3h:cm	fresh_snow_6h:cm	is_day:idx	is_in_shadow:idx	msl_pressure:hPa	precip_5min:mm	precip_type_5min:idx	pressure_100m:hPa	pressure_50m:hPa	prob_rime:p	rain_water:kgm2	relative_humidity_1000hPa:p	sfc_pressure:hPa	snow_density:kgm3	snow_depth:cm	snow_drift:idx	snow_melt_10min:mm	snow_water:kgm2	sun_azimuth:d	sun_elevation:d	super_cooled_liquid_water:kgm2	t_1000hPa:K	total_cloud_cover:p	visibility:m	wind_speed_10m:ms	wind_speed_u_10m:ms	wind_speed_v_10m:ms	wind_speed_w_1000hPa:ms
0	2019-06-02 22:00:00	6.5457153	1.2581546	2830.1353	0.0	0.0	1675.8789	0.083468065	276.5347	0.0	0.0	0.0	0.0	67.55984	6.0	0.05935732	0.008973323	0.10618432	0.021160064	0.03718674	0.0	1.0	1009.6891	0.008304365	0.10185934	996.8884	1003.02356	0.40986258	0.011701698	78.86958	1009.1848	250.0	0.04911075	0.0	4.8504447e-05	0.0871059	17.383802	-23.72382	0.060691193	279.93005	74.09984	29113.574	2.8318107	0.6502021	0.8834075	0.0
1	2019-06-02 23:00:00	6.554156	1.2580284	2765.1125	120.55703	0.24060668	1584.3273	0.08008089	276.5502	0.14804853	266.4107	0.02452983	44.189747	68.89379	6.0	0.06125379	0.005561173	0.106248744	0.02141557	0.039635997	0.051365014	0.97492415	1009.6652	0.0077674417	0.09989889	996.84814	1002.984	0.39393327	0.013468149	79.48647	1009.1466	250.0	0.047745198	0.0	6.471183e-05	0.09211325	33.511826	-20.849155	0.059878666	279.79065	75.163704	28452.2	2.8618402	0.6403438	0.951729	0.0
2	2019-06-03 00:00:00	6.5247374	1.2581524	2714.085	6324.7915	4.4125605	1573.4435	0.060477346	276.48508	2.458819	4692.011	0.90018207	1663.919	68.13736	6.0	0.063713595	0.0049150484	0.10627023	0.019538835	0.038430423	0.21076052	0.8033981	1009.5547	0.007684062	0.09769417	996.72217	1002.85925	0.4613673	0.013430421	79.80178	1009.02386	250.0	0.04791667	0.0	6.472492e-05	0.090048544	48.704655	-16.46907	0.06094256	279.70312	74.53794	28423.354	2.8442557	0.61215615	0.9206513	0.0
3	2019-06-03 01:00:00	6.524555	1.2576618	2597.4832	37932.23	19.119843	1529.927	0.037014563	276.48053	8.364785	19481.688	4.9295306	10493.32	67.68669	6.0	0.06407767	0.0047734627	0.10631067	0.0152508095	0.03648867	0.32726538	0.6945793	1009.4674	0.007398867	0.10194175	996.6161	1002.7523	0.47827673	0.01302589	80.04836	1008.9179	250.0	0.047876213	0.0	7.281553e-05	0.09302184	62.98351	-10.970962	0.061468445	279.6175	73.88991	28534.0	2.8312297	0.58901703	0.8757484	0.0
4	2019-06-03 02:00:00	6.5498786	1.2564539	2560.6484	121211.0	51.528072	1533.2216	0.012742719	276.52905	18.186852	47792.043	15.270732	36361.02	67.69146	6.0	0.064704694	0.005764563	0.10629045	0.015473301	0.036933657	0.43972492	0.5746359	1009.4293	0.0067334143	0.10497573	996.5542	1002.68854	0.37099513	0.012843851	80.025665	1008.8492	250.0	0.04785599	0.0	7.686084e-05	0.09587379	76.5885	-4.744474	0.06373382	279.57117	73.91171	28826.133	2.8266585	0.5774272	0.8148058	0.0
5	2019-06-03 03:00:00	6.581412	1.254587	2614.1697	274076.6	104.01458	1549.4633	0.0026294498	276.60077	31.871622	90103.31	33.24614	87329.555	67.46155	6.0	0.06361246	0.0024271845	0.10631067	0.01290453	0.032443363	0.552589	0.46521035	1009.4441	0.007024676	0.10214401	996.54297	1002.67084	0.3020631	0.012762945	79.52906	1008.82587	250.0	0.04813916	0.0	7.2815536e-05	0.09300162	89.86168	1.8401855	0.06464402	279.6026	73.97617	29468.838	2.8460155	0.5835558	0.72220874	0.0
6	2019-06-03 04:00:00	6.6069784	1.2521375	2652.5623	496002.6	173.98645	1611.1599	0.0	276.67294	49.49994	146467.1	55.825123	160327.95	68.164154	6.0	0.064320385	0.0035800973	0.106249996	0.011792071	0.027123788	0.6618123	0.38167477	1009.5528	0.0068082525	0.09506472	996.62665	1002.74603	0.23727751	0.011185275	78.35239	1008.8927	250.0	0.052609224	0.0	7.2815536e-05	0.08505259	103.18383	8.428249	0.06300566	279.7365	74.61703	30553.57	2.8996966	0.6107403	0.68572	0.0
7	2019-06-03 05:00:00	6.6286006	1.2491894	2680.9507	768981.3	254.06924	1641.3729	0.003236246	276.75046	68.744194	212839.38	84.37318	252356.97	69.14939	6.0	0.06719256	0.006088188	0.10614886	0.012115696	0.027588995	0.7558657	0.29045308	1009.70917	0.005924353	0.08737864	996.76013	1002.87024	0.1336165	0.010497573	76.54256	1009.00586	250.0	0.062338192	0.0	3.236246e-05	0.07884304	116.94225	14.660967	0.061731394	279.99127	75.48649	31818.748	2.9687095	0.6498989	0.68274677	0.0
8	2019-06-03 06:00:00	6.6530943	1.24604	2744.461	1059637.5	333.58322	1706.5472	-0.00020226538	276.83307	87.44401	281139.47	116.41624	361420.56	68.36629	6.0	0.06543285	0.004288026	0.10633091	0.014037217	0.026921522	0.84971684	0.21076052	1009.80554	0.0057625403	0.09122168	996.84235	1002.9412	0.03505259	0.011205502	74.35176	1009.0656	250.0	0.062439322	0.0	4.0453077e-05	0.082807444	131.4949	20.155655	0.059809875	280.3839	74.81406	33199.965	3.0235438	0.6949231	0.54819983	0.0
9	2019-06-03 07:00:00	6.6666665	1.2430196	2829.335	1328357.5	401.6438	1766.6576	0.00020226538	276.89862	102.20791	341374.62	145.79382	471978.34	67.87773	6.0	0.06031554	0.001658576	0.10620954	0.011994337	0.023907766	0.9714806	0.12216829	1009.84174	0.005076861	0.0835356	996.875	1002.9603	0.01086165	0.010800971	72.02403	1009.0739	250.0	0.06278317	0.0	6.877023e-05	0.088855185	147.09445	24.49908	0.060558252	280.80963	74.44333	34488.703	3.0794702	0.76984227	0.41041666	0.0
10	2019-06-03 08:00:00	6.6693363	1.2403249	2869.2449	1536637.9	447.36838	1809.646	0.0	276.94968	113.5802	388418.38	165.62595	560556.5	67.84104	6.0	0.05711974	0.0020833334	0.10631067	0.008151295	0.020226536	1.0	0.0052588996	1009.7946	0.0041889157	0.08171521	996.83	1002.9041	0.0	0.010133496	69.84599	1009.00616	250.0	0.06330906	0.0	9.1019414e-05	0.08610437	163.74808	27.276714	0.061043695	281.23364	74.463326	35689.598	3.1439524	0.84411407	0.25004044	0.0
11	2019-06-03 09:00:00	6.6667886	1.2383281	2963.9812	1646884.0	462.02954	1848.447	0.0	276.9838	117.33263	415642.5	170.95401	605843.75	67.98819	6.0	0.052427188	0.0022249192	0.106229775	0.006027508	0.020105178	1.0	0.0	1009.73987	0.0045590615	0.07463592	996.787	1002.85254	0.0	0.01098301	68.02547	1008.9447	250.0	0.06385518	0.0	0.0001355178	0.08519418	181.07507	28.160364	0.061852753	281.61328	74.657326	36524.64	3.2362056	0.9088389	0.08893608	0.0
12	2019-06-03 10:00:00	6.688936	1.2376668	3076.1172	1639441.1	443.30405	1850.7871	0.0	277.04678	114.89864	418016.7	146.20177	570880.44	69.26588	6.0	0.04678398	0.0033373786	0.106249996	0.007686084	0.019720873	1.0	0.012540453	1009.7401	0.0051881066	0.07665858	996.80524	1002.8671	0.0	0.012317961	67.3608	1008.95593	250.0	0.058434464	0.0	0.00012540453	0.09411408	198.36424	27.030413	0.06351133	281.82422	75.90881	36552.008	3.324757	0.94108015	0.011670712	0.0
13	2019-06-03 11:00:00	6.7233815	1.2380706	3093.1875	1515842.6	394.4224	1844.6877	0.0	277.1124	103.41402	392963.4	128.1302	493798.22	70.086	6.0	0.044943366	0.0037216828	0.106229775	0.009324433	0.017415049	0.95368123	0.12479773	1009.724	0.0051436084	0.07524272	996.8056	1002.8676	0.0	0.01355178	67.601875	1008.9566	250.0	0.050546117	0.0	0.00011933657	0.10730178	214.92314	24.03387	0.062014565	281.89548	76.60352	36037.246	3.3585355	0.9292476	0.0230178	0.0
14	2019-06-03 12:00:00	6.7209344	1.2388192	3184.616	1299346.9	324.92798	1895.0405	0.0	277.0953	86.06223	341056.56	107.525116	424179.4	68.965126	6.0	0.042495955	0.0025485437	0.10620954	0.009587379	0.015614886	0.832322	0.2249191	1009.61224	0.0053054206	0.08191747	996.7166	1002.7797	0.0	0.013754046	67.532425	1008.86926	250.0	0.05076861	0.0	0.00010720064	0.1067152	230.41034	19.515741	0.06009304	281.99805	75.82694	36385.71	3.3516786	0.90570384	-0.00044498558	0.0
15	2019-06-03 13:00:00	6.7308054	1.2405676	3182.8154	1028061.44	245.44446	1890.62	0.00020226538	277.09204	67.01116	275531.84	80.58544	338599.28	68.317375	6.0	0.04211165	0.0043487055	0.10618932	0.010618932	0.018264564	0.74029124	0.3106796	1009.5203	0.006757686	0.09243528	996.6536	1002.7214	0.0	0.013005664	68.20975	1008.81665	250.0	0.05093042	0.0	7.686084e-05	0.10491505	244.86685	13.895955	0.058009714	281.96255	75.61325	36039.035	3.3230178	0.8704288	0.028539645	0.0
16	2019-06-03 14:00:00	6.748099	1.2428557	3137.674	740304.9	166.89742	1799.156	0.0028317152	277.09027	48.09007	207182.53	53.446075	241257.53	67.5539	6.0	0.041605987	0.005117314	0.106249996	0.012055016	0.021419903	0.64037216	0.42880258	1009.44446	0.0054834145	0.09526699	996.6042	1002.6789	0.006937702	0.012479774	69.409164	1008.78143	250.0	0.051072005	0.0	1.0113268e-05	0.101436086	258.56546	7.586896	0.055946603	281.81448	74.88869	35153.105	3.280178	0.8587985	0.09201051	2.0226538e-05
17	2019-06-03 15:00:00	6.775364	1.245451	3113.409	474444.12	99.135216	1742.46	0.011529126	277.09964	31.147715	142627.36	30.424435	150968.75	66.89693	6.0	0.042738672	0.0034789646	0.10620954	0.01296521	0.022572815	0.5349919	0.5285194	1009.4294	0.005408576	0.08474919	996.6093	1002.694	0.041484628	0.012317961	70.971565	1008.8057	250.0	0.051415857	0.0	1.618123e-05	0.09526699	271.87405	0.9693095	0.054085758	281.58652	74.19486	34049.0	3.2298946	0.8727548	0.18667072	2.0226538e-05
18	2019-06-03 16:00:00	6.786064	1.2481738	3149.576	260176.44	48.607098	1786.9963	0.02184466	277.0779	17.671865	87875.53	13.877468	79744.945	66.51404	6.0	0.041868933	0.0029530744	0.1061691	0.0115089	0.022168284	0.42677993	0.59911	1009.5442	0.0060315533	0.08576052	996.73987	1002.83405	0.110012144	0.012115696	72.50785	1008.9554	250.0	0.050262947	0.0	1.618123e-05	0.09538835	285.18436	-5.598318	0.053317152	281.29556	73.78125	33076.426	3.1601942	0.8882079	0.36970067	0.000121359226
19	2019-06-03 17:00:00	6.7615085	1.2507782	3086.586	113475.55	17.659142	1830.9873	0.026092233	276.99313	7.805866	45860.96	4.521602	33118.617	65.95055	6.0	0.039097898	0.0032160196	0.10633091	0.0096885115	0.021743527	0.31877023	0.7010518	1009.67645	0.005740291	0.09911003	996.88086	1002.98474	0.16541262	0.012277508	73.824234	1009.1162	250.0	0.048786405	0.0	2.4271843e-05	0.095914245	298.8778	-11.758642	0.052447416	280.993	73.30859	32569.602	3.0606391	0.8694377	0.610983	0.000121359226
20	2019-06-03 18:00:00	6.7171526	1.2532588	3072.9143	34550.77	3.8951457	1829.5927	0.026294498	276.88275	2.1145024	17856.871	0.75900084	9505.172	65.55493	6.0	0.04089806	0.006128641	0.10627023	0.012196601	0.02524272	0.20449029	0.82483816	1009.7077	0.00716424	0.09830097	996.9194	1003.0331	0.25691748	0.011610033	75.2394	1009.17505	250.0	0.049271844	0.0	3.236246e-05	0.08956311	313.28967	-17.13667	0.05234628	280.73813	72.939156	32098.531	2.9717233	0.7891181	0.73005664	0.00010113269
21	2019-06-03 19:00:00	6.662379	1.2552648	3080.679	5343.323	0.15849514	1843.3456	0.0362055	276.76633	0.101699024	3989.0984	0.0	1366.4122	65.38487	6.0	0.04585356	0.006674757	0.106229775	0.016039645	0.027548542	0.042475726	1.0	1009.71063	0.007233009	0.090412624	996.927	1003.04877	0.28572005	0.010800971	76.43827	1009.19824	250.0	0.04953479	0.0	3.843042e-05	0.083960354	328.63803	-21.336212	0.0526699	280.50537	72.95318	31392.06	2.9035397	0.7313916	0.82625407	8.090615e-05
22	2019-06-03 20:00:00	6.613015	1.2567427	2977.4563	63.35014	0.0	1809.2651	0.055578012	276.66788	0.0	183.31093	0.0	0.0	65.366714	6.0	0.04911075	0.005335489	0.10612368	0.018168958	0.027708165	0.0	1.0	1009.7008	0.007497979	0.096402586	996.9171	1003.04535	0.3746564	0.00970089	77.39683	1009.2002	250.0	0.049575586	0.0	3.23363e-05	0.08215441	344.90515	-23.955488	0.054951493	280.30096	72.74056	30550.229	2.8557801	0.7032942	0.8620857	0.0
23	2019-06-03 21:00:00	6.5624695	1.2577864	2840.0166	0.0	0.0	1731.3804	0.07720291	276.56775	0.0	0.0	0.0	0.0	65.86122	6.0	0.053779308	0.0068310425	0.10626516	0.018936943	0.031184318	0.0	1.0	1009.68555	0.007047292	0.08609539	996.89716	1003.0302	0.42255458	0.009963621	78.15481	1009.19	250.0	0.049737267	0.0	4.042037e-05	0.08284155	148.68846	-24.734697	0.059337106	280.11005	72.808914	29738.768	2.823949	0.6724333	0.842401	0.0
